Albedo-Color: [1, 0.71240735, 0.18146718, 0]
Metallic-Factor: 1
Roughness-Factor: 0.149
AO-Factor: 1
Emission: 0