Albedo-Color: [0.5366795, 0.53667986, 1, 1]
Metallic-Factor: 0
Roughness-Factor: 1
AO-Factor: 1
Emission: 12.9