Albedo-Color: [0.41312742, 0.41312754, 1, 1]
Metallic-Factor: 0
Roughness-Factor: 1
AO-Factor: 1
Emission: 15