Albedo-Color: [0.43629342, 1, 0.43629342, 1]
Metallic-Factor: 0
Roughness-Factor: 1
AO-Factor: 1
Emission: 5