Albedo-Color: [1, 0.25868726, 0.25868726, 1]
Metallic-Factor: 0
Roughness-Factor: 0.757
AO-Factor: 1
Emission: 0.0