Albedo-Color: [0.123447835, 1, 0.07335907, 1]
Metallic-Factor: 0
Roughness-Factor: 1
AO-Factor: 1
Emission: 0